181
1 1
1 2
-1 2
-1 0
2 1
2 3
-2 3
-2 1
0 -1
3 2
3 4
-3 4
-3 0
-3 -2
1 -2
4 1
2 5
0 5
-4 3
-4 -1
-4 -3
2 -3
5 -2
5 4
-1 6
-5 6
-5 4
-5 0
-5 -2
-3 -4
6
1
6
5
2
7
0
7
-6
3
-6
1
-6
-5
0
-5
4
-5
7
-2
7
4
7
6
-1
8
-3
8
-7
8
-7
6
-7
-6
5
-6
8
-5
8
-3
8
1
8
7
8
9
-2
9
-8
9
-8
3
-8
-3
-8
-5
-4
-7
0
-7
2
-7
9
-4
9
10
5
10
3
10
-1
10
-9
4
-9
-2
-5
-8
-3
-8
1
-8
7
-8
10
-3
10
3
10
9
8
11
2
11
-6
11
-10
11
-10
3
-10
-7
-10
-9
0
-9
2
-9
8
-9
11
-8
11
-2
11
6
11
10
11
12
7
12
-5
12
-11
10
-11
6
-11
-2
-11
-6
-9
-10
3
-10
5
-10
12
1
12
7
8
13
2
13
-4
13
-6
13
-12
13
-12
3
-12
-3
-12
-9
-12
-11
-6
-11
0
-11
4
-11
6
-11
13
-6
13
4
13
6
13
10
11
14
5
14
3
14
-9
14
-13
14
-13
8
-13
0
-13
-10
-7
-12
3
-12
11
-12
14
-9
14
-3
14
1
14
9
14
15
10
15
2
15
-2
15
-14
13
-14
3
-14
-9
-14
-11
-6
-13
-4
-13
0
-13
2
-13
12
-13
15
-2
15
2
15
4
15
8
9
16
5
16
3
16
-1
16
-15
10
-15
6
-15
-2
-15
-12
-9
-14
-5
-14
1
-14
7
-14
16
-9
16
-5
16
1
16
7
16
15
12
17
0
17
-4
17
-10
17
-12
17
-16
11
-16
9
-16
3
-16
-7
-16
-9
-12
-15
-10
-15
-4
-15
14
-15
