1252
1
1
1
2
-1
2
-1
0
2
1
2
3
-2
3
-2
1
0
-1
3
2
3
4
-3
4
-3
0
-3
-2
1
-2
4
1
2
5
0
5
-4
3
-4
-1
-4
-3
2
-3
5
-2
5
4
-1
6
-5
6
-5
4
-5
0
-5
-2
-3
-4
6
1
6
5
2
7
0
7
-6
3
-6
1
-6
-5
0
-5
4
-5
7
-2
7
4
7
6
-1
8
-3
8
-7
8
-7
6
-7
-6
5
-6
8
-5
8
-3
8
1
8
7
8
9
-2
9
-8
9
-8
3
-8
-3
-8
-5
-4
-7
0
-7
2
-7
9
-4
9
10
5
10
3
10
-1
10
-9
4
-9
-2
-5
-8
-3
-8
1
-8
7
-8
10
-3
10
3
10
9
8
11
2
11
-6
11
-10
11
-10
3
-10
-7
-10
-9
0
-9
2
-9
8
-9
11
-8
11
-2
11
6
11
10
11
12
7
12
-5
12
-11
10
-11
6
-11
-2
-11
-6
-9
-10
3
-10
5
-10
12
1
12
7
8
13
2
13
-4
13
-6
13
-12
13
-12
3
-12
-3
-12
-9
-12
-11
-6
-11
0
-11
4
-11
6
-11
13
-6
13
4
13
6
13
10
11
14
5
14
3
14
-9
14
-13
14
-13
8
-13
0
-13
-10
-7
-12
3
-12
11
-12
14
-9
14
-3
14
1
14
9
14
15
10
15
2
15
-2
15
-14
13
-14
3
-14
-9
-14
-11
-6
-13
-4
-13
0
-13
2
-13
12
-13
15
-2
15
2
15
4
15
8
9
16
5
16
3
16
-1
16
-15
10
-15
6
-15
-2
-15
-12
-9
-14
-5
-14
1
-14
7
-14
16
-9
16
-5
16
1
16
7
16
15
12
17
0
17
-4
17
-10
17
-12
17
-16
11
-16
9
-16
3
-16
-7
-16
-9
-12
-15
-10
-15
-4
-15
14
-15
17
-14
17
-12
17
-8
17
-2
17
4
17
12
17
18
11
18
-11
18
-13
18
-17
12
-17
4
-17
-6
-17
-12
-15
-16
-7
-16
5
-16
9
-16
15
-16
18
-13
18
-11
18
-5
18
7
18
17
2
19
0
19
-4
19
-10
19
-12
19
-18
19
-18
15
-18
13
-18
9
-18
-3
-18
-5
-18
-11
10
-17
16
-17
19
-14
19
-6
19
12
17
20
3
20
-1
20
-3
20
-7
20
-13
20
-19
18
-19
14
-19
12
-19
6
-19
-6
-19
-16
-19
-18
-15
-18
-13
-18
-9
-18
-3
-18
9
-18
20
-17
20
-9
20
3
20
9
20
13
20
19
14
21
10
21
2
21
-2
21
-16
21
-20
21
-20
15
-20
13
-20
9
-20
3
-20
1
-20
-5
-20
-15
-4
-19
2
-19
6
-19
8
-19
21
-8
21
-4
21
-2
21
8
21
20
21
22
11
22
3
22
-3
22
-9
22
-15
22
-21
10
-21
4
-21
0
-21
-2
-21
-14
-17
-20
-5
-20
3
-20
19
-20
22
-9
22
-3
22
1
22
3
22
7
22
9
22
19
14
23
8
23
2
23
-16
23
-18
23
-22
11
-22
9
-22
-13
-22
-19
-16
-21
-10
-21
-6
-21
-4
-21
0
-21
8
-21
14
-21
23
-20
23
-18
23
-8
23
6
23
16
23
22
13
24
11
24
7
24
5
24
-5
24
-17
24
-19
24
-23
12
-23
10
-23
4
-23
0
-23
-2
-23
-12
-23
-20
-7
-22
17
-22
21
-22
24
-19
24
-11
24
5
24
7
24
11
24
19
14
25
12
25
8
25
0
25
-6
25
-12
25
-16
25
-24
21
-24
19
-24
-3
-24
-9
-24
-11
-24
-17
-24
-21
-20
-23
-6
-23
0
-23
4
-23
6
-23
12
-23
16
-23
22
-23
25
-14
25
-8
25
-2
25
12
25
16
25
22
17
26
9
26
3
26
-1
26
-25
24
-25
6
-25
-4
-25
-12
-25
-16
-25
-22
-25
-24
-19
-24
3
-24
15
-24
17
-24
26
-17
26
-9
26
-5
26
7
26
21
22
27
20
27
16
27
8
27
2
27
-4
27
-8
27
-10
27
-14
27
-20
27
-26
25
-26
21
-26
19
-26
13
-26
3
-26
1
-26
-9
-26
-17
-26
-21
-16
-25
-6
-25
6
-25
8
-25
14
-25
18
-25
20
-25
27
-16
27
-2
27
2
27
8
27
16
27
22
27
26
11
28
3
28
-7
28
-13
28
-19
28
-27
28
-27
18
-27
6
-27
-8
-27
-12
-27
-18
-27
-24
-27
-26
1
-26
3
-26
13
-26
21
-26
25
-26
28
-15
28
-11
28
-3
28
9
28
15
28
27
26
29
20
29
0
29
-10
29
-12
29
-28
29
-28
3
-28
-1
-28
-3
-28
-15
-28
-21
-28
-25
-18
-27
-12
-27
-4
-27
0
-27
8
-27
29
-26
29
-24
29
-20
29
-18
29
-6
29
22
29
24
29
30
23
30
17
30
13
30
7
30
5
30
-7
30
-11
30
-23
30
-25
30
-29
24
-29
22
-29
6
-29
4
-29
-12
-29
-18
-19
-28
-3
-28
5
-28
9
-28
11
-28
15
-28
17
-28
30
-19
30
-11
30
1
30
7
30
17
30
19
30
23
30
29
30
31
24
31
14
31
12
31
0
31
-10
31
-12
31
-22
31
-30
25
-30
19
-30
15
-30
9
-30
1
-30
-5
-30
-11
-30
-27
-20
-29
-18
-29
-14
-29
0
-29
6
-29
10
-29
18
-29
28
-29
31
-24
31
-18
31
-12
31
10
31
16
31
18
31
28
21
32
17
32
11
32
-7
32
-9
32
-19
32
-31
30
-31
26
-31
24
-31
14
-31
0
-31
-4
-31
-12
-31
-30
-27
-30
-21
-30
-19
-30
-15
-30
-9
-30
-7
-30
5
-30
9
-30
29
-30
32
-11
32
1
32
3
32
7
32
13
32
19
32
21
32
27
16
33
14
33
8
33
-8
33
-14
33
-26
33
-28
33
-32
31
-32
19
-32
3
-32
1
-32
-3
-32
-9
-32
-23
-32
-27
-32
-29
-16
-31
8
-31
18
-31
24
-31
26
-31
33
-28
33
-26
33
-16
33
-14
33
-4
33
2
33
4
33
14
33
16
33
26
33
32
27
34
-3
34
-13
34
-15
34
-25
34
-33
34
-33
28
-33
18
-33
0
-33
-6
-33
-18
-33
-30
-33
-32
-15
-32
-9
-32
-5
-32
1
-32
7
-32
25
-32
27
-32
34
-29
34
-15
34
-9
34
-5
34
-3
34
1
34
25
34
27
30
35
24
35
8
35
0
35
-6
35
-12
35
-30
35
-34
23
-34
21
-34
17
-34
11
-34
9
-34
3
-34
-3
-34
-13
-34
-19
-34
-31
-24
-33
-6
-33
-4
-33
2
-33
6
-33
24
-33
32
-33
35
-12
35
-8
35
-6
35
-2
35
4
35
6
35
18
35
22
35
36
5
36
-5
36
-11
36
-23
36
-35
34
-35
28
-35
18
-35
6
-35
4
-35
0
-35
-6
-35
-14
-35
-20
-35
-30
-35
-32
-33
-34
-19
-34
-13
-34
-7
-34
-3
-34
3
-34
5
-34
15
-34
17
-34
33
-34
36
-25
36
-17
36
1
36
5
36
11
36
23
36
25
36
31
36
37
30
37
2
37
-4
37
-18
37
-22
37
-30
37
-36
33
-36
25
-36
13
-36
-5
-36
-9
-36
-11
-36
-15
-32
-35
-20
-35
-14
-35
-12
-35
4
-35
10
-35
16
-35
30
-35
37
-32
37
-18
37
-14
37
16
37
22
37
28
37
34
33
38
27
38
23
38
21
38
9
38
3
38
-1
38
-3
38
-9
38
-31
38
-37
38
-37
36
-37
32
-37
14
-37
12
-37
8
-37
-4
-37
-6
-37
-12
-37
-16
-31
-36
-25
-36
-19
-36
-15
-36
-7
-36
3
-36
35
-36
38
-23
38
-21
38
-15
38
-11
38
-9
38
-5
38
-3
38
7
38
21
38
27
38
31
38
39
28
39
22
39
2
39
-2
39
-4
39
-10
39
-38
37
-38
33
-38
25
-38
15
-38
9
-38
3
-38
-5
-38
-11
-38
-23
-38
-27
-38
-33
-38
-35
-34
-37
-30
-37
-24
-37
-22
-37
-12
-37
-10
-37
6
-37
12
-37
32
-37
36
-37
39
-28
39
-14
39
14
39
20
39
40
35
40
17
40
9
40
3
40
-1
40
-7
40
-21
40
-27
40
-33
40
-39
36
-39
34
-39
24
-39
12
-39
4
-39
-6
-39
-8
-39
-18
-39
-26
-39
-38
-29
-38
-5
-38
-3
-38
1
-38
9
-38
15
-38
19
-38
27
-38
40
-33
40
-23
40
-17
40
-11
40
-9
40
-3
40
7
40
19
40
21
40
31
40
37
38
41
32
41
24
41
18
41
8
41
2
41
0
41
-6
41
-12
41
-18
41
-28
41
-36
41
-40
21
-40
15
-40
-7
-40
-9
-40
-27
-40
-31
-40
-39
-30
-39
0
-39
8
-39
26
-39
30
-39
32
-39
41
-38
41
-32
41
-30
41
-24
41
-20
41
-2
41
6
41
18
41
36
31
42
25
42
23
42
11
42
5
42
-5
42
-7
42
-17
42
-19
42
-25
42
-35
42
-41
34
-41
30
-41
6
-41
4
-41
-12
-41
-14
-41
-24
-41
-26
-41
-36
-25
-40
-21
-40
-19
-40
-15
-40
-7
-40
9
-40
15
-40
21
-40
23
-40
35
-40
42
-31
42
-23
42
-19
42
-13
42
17
42
19
42
29
42
31
42
37
42
41
38
43
32
43
24
43
18
43
14
43
2
43
-4
43
-12
43
-24
43
-28
43
-42
43
-42
31
-42
21
-42
-3
-42
-9
-42
-21
-42
-27
-42
-29
-32
-41
-24
-41
-6
-41
4
-41
10
-41
24
-41
28
-41
30
-41
36
-41
43
-38
43
-30
43
-24
43
-20
43
-14
43
16
43
30
43
40
43
42
33
44
23
44
21
44
5
44
3
44
-15
44
-39
44
-43
30
-43
24
-43
8
-43
-10
-43
-16
-43
-18
-43
-36
-43
-40
-39
-42
-37
-42
-27
-42
-19
-42
-9
-42
-3
-42
3
-42
11
-42
15
-42
21
-42
23
-42
33
-42
35
-42
44
-39
44
-35
44
-29
44
-23
44
-21
44
-9
44
-5
44
9
44
27
44
31
44
37
32
45
28
45
20
45
14
45
10
45
2
45
-2
45
-16
45
-22
45
-26
45
-40
45
-44
37
-44
33
-44
31
-44
1
-44
-3
-44
-27
-44
-33
-44
-39
-36
-43
-24
-43
-10
-43
-4
-43
0
-43
2
-43
6
-43
24
-43
30
-43
42
-43
45
-38
45
-32
45
-28
45
-16
45
-14
45
-2
45
28
45
44
45
46
39
46
17
46
3
46
-3
46
-13
46
-25
46
-31
46
-33
46
-37
46
-45
46
-45
36
-45
30
-45
24
-45
0
-45
-14
-45
-20
-45
-24
-45
-32
-45
-44
-27
-44
-17
-44
-15
-44
-5
-44
-3
-44
1
-44
7
-44
27
-44
33
-44
37
-44
46
-39
46
-35
46
-33
46
-29
46
-15
46
-9
46
3
46
27
46
37
46
43
42
47
32
47
30
47
0
47
-4
47
-10
47
-12
47
-24
47
-28
47
-42
47
-46
45
-46
11
-46
-1
-46
-9
-46
-15
-46
-25
-46
-27
-46
-31
-40
-45
-30
-45
-22
-45
-6
-45
-4
-45
6
-45
20
-45
24
-45
26
-45
38
-45
44
-45
47
-32
47
-26
47
-18
47
-14
47
-6
47
-2
47
4
47
12
47
18
47
24
47
36
47
42
47
46
43
48
37
48
29
48
11
48
7
48
-13
48
-17
48
-29
48
-31
48
-41
48
-47
48
-47
46
-47
36
-47
24
-47
22
-47
18
-47
-2
-47
-8
-47
-38
-47
-44
-45
-46
-37
-46
-27
-46
-15
-46
-9
-46
-7
-46
21
-46
23
-46
29
-46
33
-46
35
-46
48
-43
48
-31
48
-29
48
-23
48
-13
48
-5
48
19
48
31
48
37
42
49
36
49
32
49
18
49
12
49
8
49
-4
49
-12
49
-18
49
-30
49
-34
49
-40
49
-48
45
-48
39
-48
27
-48
25
-48
9
-48
-11
-48
-15
-48
-17
-48
-27
-48
-45
-42
-47
-38
-47
-24
-47
-20
-47
-18
-47
-12
-47
10
-47
16
-47
30
-47
36
-47
42
-47
49
-44
49
-38
49
-36
49
-26
49
-24
49
-20
49
-18
49
4
49
6
49
10
49
16
49
22
49
34
49
40
45
50
35
50
23
50
17
50
9
50
5
50
-31
50
-45
50
-49
42
-49
36
-49
32
-49
26
-49
24
-49
12
-49
6
-49
-6
-49
-22
-49
-24
-49
-34
-49
-42
-33
-48
-31
-48
-19
-48
-13
-48
-9
-48
-3
-48
15
-48
17
-48
29
-48
35
-48
39
-48
50
-47
50
-39
50
-33
50
-21
50
-17
50
-11
50
1
50
7
50
9
50
21
50
33
50
37
50
51
44
51
28
51
22
51
20
51
10
51
2
51
-16
51
-22
51
-50
45
-50
43
-50
15
-50
13
-50
-9
-50
-15
-50
-17
-50
-27
-50
-39
-50
-41
-50
-47
-48
-49
-40
-49
-18
-49
-12
-49
-10
-49
0
-49
8
-49
12
-49
18
-49
26
-49
30
-49
42
-49
