0.7593945201490478
0.27581009142141455
1.0747796214303575
0.5063187107373572
0.9924133798966661
0.13492477343487205
1.1721783575722724
0.5094255038400325
1.0161351551941904
0.8877188415776799
0.8509882591700224
1.3272221151375538
0.696706288116237
0.9685361901070242
0.6470273709395006
0.3278459053013096
1.0291082464030967
0.9255099446933419
0.5365601251573586
0.2810040263184491
1.0647554654091353
0.8423239478309216
0.7724025253985073
0.6428485143852416
1.3913258157438642
1.0414791082289376
0.9591849137064805
0.9738324229264064
0.8040103695919104
0.8244971570596408
0.35495272313366716
1.2522255452436273
1.1063622556805748
0.6642232872243181
0.743482468569154
0.7285077144199896
0.8015840863889688
1.0494022555261453
0.903507302397987
1.1565912293513125
1.2070276018744321
0.17709940045971312
0.20646349206034337
0.9144742788959592
0.6869127213928914
0.6199465160098458
0.9587279228257469
0.5200419908707948
0.5799271261997467
0.7718193883161274
0.9977622188722107
0.9014348259376921
0.8642414437659595
0.4962088390552617
0.51792855949903
0.5162873136526301
0.967592732950349
0.8613466879485029
0.5494445827792623
1.2589701300187721
0.9415614422497828
0.11078964167648621
1.2492296395801143
0.47901191543729654
0.6082453618075234
0.3389921953675729
0.6007571919599404
0.6444828146385057
0.30793794732900454
0.45833148265439577
0.999047451906253
0.2764708063387216
0.7790688209196195
0.9636603783090462
0.3928444275607343
0.9189285761506647
0.6408894067890082
1.0362668578372534
0.341302993058255
0.4935237120465324
0.8771824311690422
0.846484879923192
1.0029578351914359
1.163500403919877
1.0476662036100328
0.9235032989118739
0.21962670041127416
0.6110141422264572
0.9585306680636693
1.076983746786197
0.8072162668970082
0.22667771978994183
0.6622882986445708
0.9971905726650676
0.5616167895874034
0.6042882720961914
0.28748669144361244
0.9471194357901672
1.178776582853078
0.8571794033811176
