0.7058476671207332
0.29236620783718065
1.0615920526335743
0.8472993821482249
0.4998620348950816
0.35888133957590485
0.8652394559737114
0.36955426681924525
0.9533360271846728
0.9780317906592917
1.2427578126028536
0.8957047948498852
0.25241509595812767
0.39487732134945486
0.7704895915636469
0.8653133827300101
1.0707066641433067
0.5415075670308002
0.6782276560493371
1.0588406620924715
1.1422683405523306
1.1779438950915675
0.9391142768713735
0.5052140032095849
0.9822123561461792
0.7761744789362507
0.4184127245028265
0.9969867244608814
0.5694256073624251
0.8763136325498221
0.9588186115497642
1.1758514913135973
0.9509896674239051
0.3693239255427804
1.1597982860359755
0.8930094755673086
1.1749727136245358
0.7886478153846349
0.5548030926424277
0.8760259684830284
0.711174474852485
0.8849097689677267
0.5969554668561994
0.6224488110575952
0.8065128087372835
0.12379841833219192
0.33957653375204994
0.8978681550228573
0.36658309578873877
0.36389533081201236
0.46297757785176075
0.6980318416836035
0.9823510321786252
0.899134197241221
1.234874866830439
0.7001160160965787
0.8909946331887
0.7027720876737164
0.7982641931348268
0.6545236875348122
0.7604737328453016
0.08669619492455266
0.946909568844817
0.8473989727447118
0.42325675492931514
0.7237557413208664
0.9725246546819698
1.1004101342372898
0.28826820369246986
0.02425162802112311
0.43654069737298296
0.9063323339317669
0.8991693207183034
0.44621978990112204
0.26586225094773697
1.0435948073982344
0.9154999954869967
0.8009115065026214
1.0073030924640458
0.21580809979028787
0.5026680491129829
0.08354823895184589
0.6121362969794585
0.7336579695845163
1.1749423615926482
1.0385656011859392
0.975996369636633
0.8133963525597934
0.4753279254283645
0.45502030935017107
0.7820906025357628
0.7924805268689303
0.1561303215088437
0.16398902659040443
0.9891644851481769
1.151942236306076
0.5081089943385028
0.9033875638747282
0.9655920526624294
0.7932165313220716
0.7157113936143803
0.8353685995824424
0.6266264625555087
0.9149317387100301
0.9665550101420795
1.1327307220562104
0.720671381464556
0.49624073323349627
0.7835031047691735
1.0921875376062697
0.8263839218692041
0.4729080233017653
0.4490263007557066
1.2875633105957878
0.5225587575406031
0.9998842445863978
1.1033189293326255
0.7065654325553654
0.6090116509284024
0.9555530518867803
0.6557660360539613
0.9760929101228483
0.5386658670675014
1.1114661401444865
0.8016292056552151
1.1228782146867957
0.9344631670895724
0.783406432086529
0.16299255445224273
0.5287545448262017
0.9946055260765244
0.19761775976675203
0.8523371020746134
1.061821161873092
0.7889362484058521
0.9412136705786298
0.5880981833664131
0.8375857369941658
0.8268072679287355
1.0060029767664511
0.7814699961396228
0.5785956467628172
0.30348533008135054
0.15240549141999832
1.259306620017316
0.6578402982787861
0.6666898218399362
0.8830948512459449
0.9719937633916093
0.9503971485155135
0.39183709369683367
1.041373896703567
0.9907638335943602
0.4110593021265586
0.5688630173065765
0.6040247249134114
1.041468959138285
0.2947964486189783
0.728027199186621
0.9972331349384044
0.5210580901867189
0.5775906678742195
0.9787581014111045
1.1991211250110443
0.09404150151723044
0.937380656195349
0.4684426649503632
0.7854713216962903
0.6846601939769555
0.8361522965957428
0.5118282597000411
0.9996930118770501
0.24411519387053168
0.5868791723203768
0.8290514780283963
1.050725944695595
0.03364815751903675
0.7394991619751288
0.7194886463850572
0.49608211321956686
0.7373112931568566
0.8992509624526843
0.9043961527311197
0.8145973462657112
0.8498443971474621
0.5139550116004556
1.1989980282382833
0.7146490521517265
1.0556164455931867
0.4251547109928996
1.0008340944860659
0.15962560273699972
0.7129626604343848
1.0032905325032155
0.7341964661181644
0.40651227378181404
1.0844755304855176
1.0166234342685978
0.832180857896782
0.9703359705260236
0.8359835673841151
0.9933268897114014
0.12247080080576772
0.638548894895274
0.6873544334858875
0.8982573509280218
1.0346985114221787
0.493115966098783
0.9951293815631246
0.10249547137198188
0.25569310410556184
0.6682151950980993
0.295782319795467
0.6272472662490521
0.6556697849816142
0.8665952224048641
0.8924921922178357
0.7427572325414976
0.9310542917784965
1.0963790698073481
0.18396055004804202
0.971877925082288
0.8227077834532662
0.7704067942710423
1.0417118149052353
0.8662548400076701
1.0308787696040105
0.8494575754492953
0.6008676087545896
0.9242151528775598
1.0961030145297352
0.46519712738435504
0.14157882417353487
0.4264143515985191
0.6759549495265457
0.44775182597466184
0.8436607998328679
0.9112679320349244
0.8761148882100392
0.24011040873542433
0.4439944162997754
1.3999139513025207
1.0571846806841236
1.21114928006235
0.273421371558227
0.4138694968775108
0.9941880852475856
1.0898981214492276
0.3679158351797627
0.6822163773020969
0.1704530622522109
1.099747321539553
0.9521649080830836
0.4388884720809144
0.8621604225513868
0.41612550557399997
0.40265630178512757
0.49768963126441695
0.927172958511368
0.7987175420331597
0.44628517671794055
0.8027757543483943
0.43173971471958617
1.1305683959650077
0.7340480602921136
1.0275621212237294
0.38663598480323214
0.6717405269363956
0.839121922203424
0.640839315289163
0.4884514474470218
0.972351068309515
1.0873895564817881
0.8506465907429661
0.33104703983005923
0.8453257867353247
0.5202646132767862
1.0021596298150188
0.6875785353104388
0.5434048967928213
0.9194614041386017
0.977975599215742
0.9676687494220736
0.870241995082335
0.9697116573637443
0.8740492053219696
0.6048245078375443
0.661692429006691
1.2495302747193224
0.8558550225719539
0.47347558900193104
1.1388704844249529
0.23252964671948748
1.0108934256159174
0.8001225439760528
1.071820264791547
0.8312354065465668
0.6141462729294802
0.8852340835348129
1.319063144052624
0.2574500524557381
0.8460334982803944
0.9001829866631789
0.4260729229946212
0.8692202139632509
1.0311921817653087
0.852933648612159
0.9141498364733133
0.19471257790302393
0.8527802227280458
0.6475078696266432
0.7478781404208826
1.212691283240393
1.105049146265163
0.8728157188149225
0.804464632112709
1.1586853821611554
0.7118348768586168
0.9883397713271945
1.003590475440256
0.789210807217937
0.8474158665361425
0.8839685625902602
0.28046325111367015
1.052111039264568
0.8534384504808684
0.06535063198570551
1.0336591885484234
1.1553419185851543
1.0365218685437758
0.6876013908350667
0.6227617124484813
0.6558487654699694
0.8307980926677645
0.9916179909088386
0.6012745030597445
0.8799808231846686
0.8550327578232979
0.9573897811296976
0.9398242084387289
0.9469057909168654
0.6622259222169155
1.008416498468578
0.7208066515431821
1.1557432965406125
0.53561278751834
0.7735211317585486
0.3974842993847152
0.6776045873284989
1.3282529159115797
1.0781325517282139
0.4704339015983422
1.2437546899495378
1.157974068679388
0.6552695809310103
0.0915987046048574
0.5089138130239399
0.22868179324397667
1.3470164611554754
0.36046860895052546
0.9946870563625396
1.0836386809459488
0.3173045436831202
1.2812885308810815
0.7413657780961094
0.6746245617530093
0.7247825632831374
0.8075953297967003
0.7292140728106414
1.0879686428217088
0.681269415631437
0.8419466343928446
0.9317184776606051
1.019011618131183
0.6424962196907169
0.9200134315864285
0.5711314878450007
0.04349685292158287
0.776603912330565
0.7737363635322161
0.5359013146164636
1.0480220585356244
1.050902071662367
0.6603819885040126
0.5442549008180012
0.80883655265025
0.6776759271499723
1.0658437628312403
0.8056517967836764
0.6248997125649548
0.46019324990908345
0.7901970623973343
1.1275930563526182
0.5865031602197124
0.8204102589157629
0.584825801236354
0.4425462742727114
0.5408932899276285
1.2457942488943157
0.8531240240062002
0.7099002781990352
0.5808692410742585
0.7718244172641987
0.9640623979985183
0.7497327904301189
1.2819393218843453
0.6827005132902273
0.4665277636955756
0.770214636242322
0.9507924880527974
0.11105012684448932
0.39883700141387035
0.40284572642677213
0.8271894938424121
0.6450036184512313
0.6859608115000775
0.9160465318618339
1.0120086819200373
0.6295156426452195
0.4381615157272164
0.9339161622167711
0.5396308273071414
0.18171015244737065
0.9222625382739048
0.38314915382003834
0.6968762266505044
0.8604052124714046
1.2627483214620472
0.9625723700753387
0.4877765427398794
0.6656617225398449
1.3038008989397942
0.9175444898804499
0.6508384515247101
0.3144967635803849
0.24140390434076944
0.7435448266007361
0.6391808468683431
0.8517022696299359
0.7694634048660142
1.4071331061678947
0.3592597066726904
0.5536649111254174
0.331974793708661
0.25475516795129527
0.9424680565591823
1.0029180356119707
0.8886536104988927
0.6935063327524124
0.9263706688497991
0.6736682534884186
0.8558023573858482
1.0407634799015018
0.8552635367103478
0.7215562846254695
0.786518273640703
0.2128819263533174
0.951494753828657
0.7522092467145427
1.0557274254055802
0.8481495605008276
0.6418251363790552
0.4729421820275307
0.5086876039110754
0.9474715192478577
0.8168407442149962
0.4405871016334057
0.11368376498101757
0.7679237539649356
0.5957889672967532
0.8885292794274688
0.7612941195222293
0.698358980186805
0.4935460937362619
0.5681707544545429
0.8765853408824678
0.38279800574582196
1.1169386280989282
0.7212744845489267
0.5985357752665147
0.9394840356180622
0.9005886971508001
0.802909345408987
0.9949674985419806
0.2539643415198522
1.080819247487872
0.3523058944514938
0.7456989378080157
0.7879485936324185
0.5647024480687249
0.5728236096190276
1.1838743704534884
0.6483479723771938
0.5897972186986403
0.6041582280047202
1.009073476494565
0.850603773500431
0.9095249519186679
0.3810694485530066
0.6031812892380449
1.0247550063236963
0.432091323112426
0.8126117181999155
0.5030403731862761
1.2187656659243937
1.134312849718646
0.5791339273795115
1.1090088450611482
1.0059567050746705
0.1782035604394632
1.0318016868462212
0.6126044856358157
0.5565056750183784
0.49634329788533543
0.7929767948484413
0.4546559185432085
0.6888639461060532
0.5348692394044554
0.575870083618589
0.7633384678829988
0.4510740628361938
1.0241515547996594
0.8600014333119085
0.7410118259558469
0.5926684917679585
1.1010457655142054
0.5242002242078962
1.017919161841352
0.8438055113913667
1.3553463690251655
0.7688218798223116
0.6001534140899543
0.8224815820361294
1.0514933427982707
1.000421759999464
1.055781401611818
0.9082433623347006
0.6593172485513525
0.7988666250449368
1.1872600719481863
0.6853411961297797
0.701441664783269
1.185285328006091
0.9391102874571584
0.5719594030701693
0.930655662698551
0.9468820265962669
1.2624836398632644
0.21293410121163298
0.4614396560523679
1.079401095187774
0.08681818047127253
1.1371430371196867
0.979546818512718
0.9958237875990076
0.7287246130666848
0.1529240543707514
0.4595896943198257
0.959266466624949
0.28613087293502926
0.18037745351225187
0.4487304922356929
0.9682986177014589
0.3123323628335515
0.6196223341694682
0.9987695950950259
0.8549501228786465
0.8328580974309471
0.9982151232171895
1.3171655545693546
0.6259459315114188
0.6881193520885577
0.9746154294317901
0.9930578257759524
0.5628320408230868
0.4980806844309917
1.0209482878117078
0.2011115358328537
0.8721092787863175
0.7531772686624955
1.0112217952250688
0.916022235618914
0.9573273328014344
1.2284356591751067
0.3695407318942025
0.686594300682284
1.3369694537956809
0.8082816742936273
1.0472726166226323
0.18710585464312302
0.8564522509280287
0.2751186494102936
1.0934718311566396
0.6361621808825595
0.4450702897012136
1.1106108191213586
0.794764731991568
1.2206487492789189
0.2137251216222634
0.7705634080430047
0.8475187205244855
0.45456089722412096
1.1019256473660342
0.9373267359952523
0.5127884648996648
0.8630235566185847
0.9054349318076752
0.36521826222170256
0.5592746574765728
0.23413295687843508
0.6477677210045294
0.9856118533392516
0.6728910571644178
1.1372762458458132
0.9603539934224097
0.6929201502946122
1.0561476836365296
0.6758623080256474
1.0272290938132271
1.0115418992527594
0.5268457036074565
0.7946313044164579
0.9130380201103945
1.0568273672349127
1.2531009811571139
0.7632612959512427
0.5485879093574891
0.972825238984125
1.1619427653826881
0.4403254199294008
0.44622835571992736
1.2159337314241672
0.8986022677692003
0.8521594882352029
0.5822881681715895
1.02955515122091
1.0164354767497765
0.4274279696384431
1.083885715711847
0.43513881274091293
1.305762473313774
1.0131237948543053
0.6749511005270269
0.44270170631632405
0.3005819415303835
0.3909912503630665
0.9397634162099197
1.1281337818711543
0.850542486936319
0.9988746064010912
0.09399520905925592
0.4080390812258842
0.33512210402952836
0.6656941980934235
0.11351590812686084
1.0257903784356155
0.6229117151540672
1.2069726518871395
0.8589231404201958
0.17886249845453955
0.9787077387511409
0.7944357652541695
0.707411428222106
0.11597901248612343
1.0287498073302141
0.8171527396224042
0.5245034544286035
0.7449567898887358
0.7558511950429628
0.6535957761553542
0.5983204639206543
0.4828865037339794
1.1254243798457402
0.2248013550197668
0.8052926187222977
0.8838072117332572
0.9639254212787878
0.4438543650515704
1.018236288046492
0.9324392988550746
0.4409687825941527
0.9465166312054855
0.25059028292158575
1.0174975877707615
1.1294132610982799
1.1161240195556574
0.8128790562829671
0.6547125704979019
0.9486550900112602
0.7428216622034758
0.8621377430739507
0.28204712712118474
0.9188055218821626
1.0860553877033985
1.1833733503171957
0.39351848345269325
0.6428554514402779
0.5561732935569592
0.41328751008486914
1.1210229935004965
0.9924362725291894
0.18390152883165123
0.9661810470550576
0.4516508902382774
0.4183900611334855
1.0537901723701477
0.6583893146658527
0.06776847381698298
0.510057776690198
0.41193577395946746
1.330537778751159
1.0660057810112678
0.6896396933435466
0.9442083603969752
0.3887752345467461
0.9817985029053554
0.5713828370244769
0.46457155136768596
0.7021130301114945
0.41120119719856685
0.40466976034343055
1.0506534772318223
1.1828786542110725
0.7231983705605016
0.89754894663984
1.0115106849258964
0.35531158557015613
0.8564027214426223
1.1113087774967134
0.6262727215264952
0.9696075471744026
0.03600890704395981
0.590261304708581
0.7366532483438433
1.0623103855848735
0.706077397087495
0.1328941725273648
0.7977365166608666
0.914733453450635
0.6094371134975571
0.9059674187827486
0.35167148358392974
0.7026597887250894
0.46951171655906404
0.6651656110627232
0.9970207098694048
0.6378888414345185
0.8875899028297147
1.0571121289021204
1.0962436133971865
0.4892095421132254
0.5229777142711189
0.17568850113049225
0.8911385801966998
0.9947473938133639
1.1424073540671065
1.234109101581612
0.73034402443129
1.074353588875529
0.6309313349038294
0.5453320113071916
0.5511948527376689
0.6783725691918516
0.9283490033020968
0.9663959895240968
0.1688445815237456
0.7825410324002023
0.9205805141653596
0.6963801831031565
0.4160204313824203
1.2089720830549315
0.8999449903482497
0.5264008275257692
0.5582337093984866
0.6673670816959731
0.8244901291438891
0.25167732914285684
0.9926762802660378
0.5077083015188413
0.793377101799426
0.3737579692135891
1.288848817281576
1.1842098490740882
0.7424812223317385
1.0463114722915514
0.775290389969814
0.7765442660274269
0.8557802629487036
0.03980531207955459
0.3616445355163668
0.7003205316755362
1.0048980600297808
0.6163678403076108
0.7491432163119645
0.8029646681891482
0.8701272062698976
0.8298204107225172
0.18020809584022293
1.1761172650946152
0.7196041350278843
0.6916478845901574
0.8355334513232813
1.013800350581194
0.5794891449282966
1.070874217042396
0.7834018949838628
0.8322645495518864
0.5402425998134313
0.15262843776440096
0.6470443901419544
1.027024885854995
0.9987640203165495
1.0402229402968644
0.7512361222190255
0.8844142263051324
0.9598117863259229
0.9781901284599225
0.7041511266865387
0.8448191798585801
0.8727041988262012
0.5377814465858641
0.34082409076666736
0.7745148164485943
0.23515236010889856
0.8426804751006113
0.3847207313902196
0.6055883805725426
1.2646507091678842
1.0301050144008417
0.5960606125189994
0.8722129581894226
0.8103428550573387
0.830627167933036
0.6304461137512853
1.1894467716655284
0.5943300744704066
0.621109513310295
0.9942327001897071
0.2935817777001633
0.7880008081110342
1.010353009307258
0.8690773318024883
1.0017858720116617
0.8205763108092949
0.6757476776336367
0.6150629101401199
0.3396116295912059
1.1056537189212394
0.8803896298958108
0.9903845363097034
0.6939339696465779
0.46068972463199087
0.5461161995399524
0.4044668395285152
0.7558031259103417
0.8565417121216038
0.4239696574309219
1.043095656819401
0.8560501238511486
1.0721723392286917
0.09408708513367688
0.4959205909108501
0.6225233580493431
0.34769294346284935
0.6975763630353644
0.9296776080384286
0.2666969874889363
1.0994299567135881
0.8732039180233496
0.15471995463691773
0.33090232142717396
0.7018551709731112
0.39051579020637595
0.809797197938752
0.7491944265781109
1.0309089458927752
1.0488251430195001
0.6070013528375477
0.6481367360996466
1.2173793074742287
0.6937856669322837
0.8732304650174604
0.6103589108136259
1.063009189066675
0.48911881538707935
0.3546541732607181
0.5560075366706929
0.8056927784502095
0.3553892348181557
1.0150869904279445
0.6233220905241611
0.4984601788702788
0.8995404293675048
0.8061969267340383
0.9945423264562584
0.9171707277248209
0.824371187261957
0.6958108077546842
0.5633521988930328
0.8790952213001728
0.7391690148504959
0.2665435913338086
0.40829309318280904
0.8951291373465453
0.7551287212496836
0.6607655689603849
1.1106655880477927
1.0932156129792816
0.9822539129582694
0.713746491271502
1.0673275885486302
0.4534878933466808
0.6594504904094345
0.7150264367176833
0.6352963587615502
0.3763530846321928
1.372222485186774
0.5125852805465395
0.8755695901911938
0.7710432708242023
1.1500237932515374
1.1125085476957763
0.9748723944192388
0.8944814888856986
0.7480718861276442
0.9828304122537619
0.7031866340656467
0.3667575056190185
0.737180361559677
0.9677171783056885
0.7176154185792802
0.48494434461439134
0.7667666894627847
0.8503395257797841
0.679120049128274
0.5997604375132604
0.8966231339423545
1.0101612033051377
0.7451664630895466
1.1060210462759128
1.0168506789577516
0.1752456300226512
0.34707636460948244
0.710520528216094
0.5129566731750907
1.107769231070426
0.5250633243036105
0.8949151643093272
0.47269321754730265
0.8241156506619551
0.34362435242406153
0.5520108736289976
0.6860699327399191
1.137189134897213
0.3996512978294046
1.1963486611135465
0.6497485410272927
0.8533977340810448
0.5370316982195654
1.117787865284469
1.2024791650450317
0.9936660648419874
0.7462169953596433
1.0699114534754672
0.7520660952359989
1.0322133709879948
1.06919366854539
0.4856710622074613
0.791682685991763
0.8341834612282074
0.625688640146324
1.2957536977021769
0.6538264847657507
0.8367999010910857
0.8556239561384913
0.7481152794460086
0.1866113769449541
0.3400087713564268
0.9632243740426822
0.5883364837286514
0.23443619542969885
0.9550992304146372
0.6251714776798936
0.9281601027339023
1.2724782757010367
0.8430572942839701
1.1628900700006997
0.6323470727650575
0.5049506227473567
0.8071976664636307
0.9918366822973157
0.5862541029644072
0.8004189899410393
0.596764047418848
0.8413854625862255
1.029936632832404
0.8101926862031867
0.7746484540018098
0.7884847581079802
0.9484970617845105
