0.7078009230279738
0.2817908909960759
0.3560455062743484
0.868228217871439
0.8725469549902478
0.8296593209093386
0.9966495211617522
1.2862746250452797
0.7956638101314629
0.5538890234688786
0.5600422815159732
1.0194784478537207
0.9927860617861095
1.1209255392398982
0.8407852149412962
0.9455351000207166
0.15359627216559787
0.3253627067542974
0.4676918621826108
0.7570607607799931
1.088485288893763
1.0195182356487882
1.0107590386411205
1.2103384236974537
1.018372568282905
1.2019123980344342
1.3629291719767958
0.7487882842316106
0.6848179822232967
0.8428510294444835
1.0077000958092155
0.763339867600026
0.8771959020194957
1.247962994100934
0.738995586841478
0.9913916920285388
0.5121962693128875
0.552567959702758
1.285624068151665
1.0799680005708325
0.8119770709319186
1.099899851879404
0.8041831035863659
0.7977948475305268
0.6012860861292418
0.5292125470325987
0.840447151090208
1.08429403265339
0.5879995522981024
0.5023682534480901
0.40243656781808673
0.9783283110226985
0.6549387604391672
0.7440230827235551
0.41487382395087463
0.7340773270441293
0.28349365609282307
1.3198163238943859
1.0021391798006605
0.8609737601914871
0.9361130890578744
1.016333276922343
0.382427555431611
0.9917490521167632
0.2977391725240987
0.7626847965642805
1.2808982735654362
1.2900546127919503
0.9846669068694329
0.6704394034409379
0.5502697925680976
0.37250560799372107
0.6721304473337089
1.0173960993619464
0.6347812133439781
0.9295454051904638
0.9137592311266557
0.7251818695868717
0.860785564982466
0.7925012962632981
1.3683345674296974
1.0800213644347634
1.1869113292868703
0.5710127240432182
0.748373126347663
0.8908572493943826
0.5945636250603035
1.0355228695445133
0.866418052743967
0.4618059283550555
0.6489994644835086
0.29103651438922584
0.6180434191256063
0.3317801591744596
0.8635734921490188
0.9802782149616124
0.3370239285516129
0.5874424471776541
1.0158118627812365
0.9849205848284898
0.8393200210345728
0.7604081127556271
1.0756966756218
0.9713608610009333
0.6729565126173759
0.900097903565227
0.6818104340487553
1.0906532607895127
1.296390489173479
0.6318517938389118
0.9291459091830769
1.0513461334219045
0.7113705332106495
0.6862939940102188
1.093111636396119
0.5384986127600908
0.8190671945046695
0.7548110223240154
0.438327107278842
0.40580928153810514
0.34981915440136446
0.8922978947212817
1.2503614188966092
0.8154730905873004
0.7902694913711547
0.6299790446852181
0.897911074136526
0.5204102396239993
0.3347478983053668
0.8495326381840157
0.3406381034791583
0.455796622278506
0.89622606244435
1.0445823014818136
0.7866131843679858
0.8533642668322299
0.32478135703226396
0.9167578945274992
0.7819525147593158
0.2707147846391785
1.1635175259993327
0.552115236502798
0.18761727967766212
0.22904687174025262
1.0011266233507128
0.7190313330432991
1.0671577775567531
1.0228258801173946
0.5948259104920904
0.378958381614849
0.8911876210764595
0.6652903592953485
0.4532575904296098
0.9792502762567594
0.29867069198090546
0.420073549780044
0.7238610005147352
0.7379544991097724
0.4741532031378689
0.6865442842183337
1.2101448341232384
0.8681346139690849
1.1294862894824071
0.5697656007984494
0.8010538237520249
0.7037433280724266
0.5645393399642968
0.36960959128057835
1.2817455382266767
0.7295858883284583
1.025859214120267
0.5346657426027595
0.3844398615165998
0.8521240023630432
1.1355836127900494
0.4980059357090733
0.6152351659454778
0.36909474446853724
0.6288295254734476
0.48974460735846514
0.48816299937245056
1.2715490446280762
0.6581347445536895
0.6932082560566282
0.7368285978016923
0.913729428555163
0.3226121965617976
1.1296142553843835
0.4136187053649208
0.878392315433931
0.6361016178216419
0.8296801657153654
0.47092364381317575
0.7835772079101183
1.0336284997080794
0.4411115311314037
0.8521293317584391
1.0799313740158933
0.45081924950354296
0.9360230456103469
0.9721456885713707
0.319672881339208
1.311676122386221
0.6325128845409914
1.1403531728576035
0.8475277511381085
0.4769520629416842
0.5041873300784415
1.1385044776975322
0.14607950381060295
0.8526704727491521
1.0987369767312745
0.2961319196287206
0.8104341614195619
0.4179197872768101
0.8361885723567315
0.44066726037131804
0.9923692483270912
0.5791353941968145
0.8032389145085399
0.5387618687684048
0.8686632895218779
0.9375687713298191
0.9210842117922806
0.626085736946054
0.7396782070719885
0.9861039270539065
1.0664354371085238
1.2662692977688614
1.0035084337445117
0.9175356402624083
0.2733827731860723
0.6661541384996483
0.8861941548501497
0.7581720046873516
0.9261726263514848
0.6348747802714484
0.6570417784341744
0.1942669961761446
0.694883007891782
0.785608294194304
0.6656548328572126
0.4654244321213657
0.9991310269174275
0.4184111598279867
0.9768977601209091
1.0698701630816596
0.8311669632329152
0.3983750791148583
0.7553008574108959
0.6607882191685887
0.3211642308051175
0.6294376691046373
0.7559316103429728
0.6261603385405408
0.990676513482294
0.5025282809445427
0.5480131232093162
0.6087951019248462
1.0751116971424426
0.5421672182562979
0.3688661582488581
1.0927853544024106
1.035670665332602
0.8768269183614782
0.7822672085303641
0.9188498492316093
0.8761590520476008
0.7582913830658807
0.8811570327343219
0.8078869477010467
0.8195397177937432
0.9049816575994526
0.4401137459581551
0.36080652204012853
0.123280756233684
0.33456619156358264
0.30347186295470363
1.025102320692959
0.5852317143582253
0.886522867313084
0.7462641164791242
0.7148575721161129
0.5561945023348668
0.5441742950701163
0.9333385026543696
0.5277537310986864
1.0898419282428873
1.189473544346456
0.4135223972103382
0.8092949586271129
0.7340850576496077
0.8055187871181523
0.5762907513829956
0.8742951512674881
0.27925757321653255
1.088160291943638
0.21997036141290435
0.6366573462900454
0.8344912501367167
1.005024799332272
1.119040494551903
0.8634668665568567
1.2108970047898886
1.0078043845418638
0.6871506831522705
0.7690527199402633
1.0763298888065587
1.1520776143675753
0.7845112515515015
1.2138746841065382
1.0454442059202431
0.45061296347673385
0.6401615057282469
0.554771434903351
0.197697276259404
0.6747789758496153
0.6174542006804528
0.7745919921181968
0.7460490565331551
0.41303812182022703
1.0530888422028546
0.940265665780344
0.4133099957264637
0.9352320376943776
0.19747413252173954
0.20503704258511166
1.0844959166106631
0.5625554046327897
0.9824557396724959
0.9489246305683432
0.7591581280104562
0.7033081446476066
0.8587525439610135
0.6578913737694714
0.8542673613139914
0.7181089961283665
0.557645959043294
1.1208431357131872
0.9354843437203748
0.8205264151423103
0.9161803344168293
0.20959025637070028
1.0787497777073198
0.9608892401786122
1.122496274069932
0.5627056896792233
0.6368106519511589
0.4074607457620681
0.9237693662910774
0.8731327447252036
0.9183879683288483
0.516374900792436
0.4195732328886853
0.544380586160328
1.093807415393233
1.2721555914655711
0.7156764251984439
0.47467071023809
0.1751884295895933
0.36270380519576273
0.6491926549572082
0.7149401954343546
1.0894128988399565
1.185365977301586
0.7819782509251169
0.6234233431859549
1.0646792472804014
0.7909706812367708
1.2615909465582458
0.7493274317706359
0.8250550413651793
0.9918931943800576
0.18183172475164358
0.6122107537163896
0.4073946486663613
0.8495712269632489
0.8285491143059388
0.24344883561678787
1.1291874707832545
0.861479072494949
0.8993811881914396
0.9857824089186696
0.6964340791308895
0.5031092893033655
1.090038587743994
0.885149124844376
0.5794030960281855
0.9845193742659042
0.5934877439830131
0.8119954957673534
0.48863988761439464
0.7510135694882916
1.1728612920215737
0.7395474018759675
1.1017529313461698
0.981249651910403
1.094667922433221
0.5164692899735059
0.7312680508493586
0.881021209896679
0.4886017507258129
0.5032700169369221
0.5612779490766471
0.9410705723930927
0.8129970306698967
1.2124168222747773
0.523039876488743
0.7759376731998869
0.7551806166515556
0.6407107620888904
1.0527453467416903
0.9890726074537978
0.5138228030829218
0.6291616799665114
1.1847397983915917
1.1285965971318659
1.1108376485710996
0.8471009768318509
0.6576478083286235
0.32428113980023104
0.5307342056836081
0.6597910685857562
0.7393386173919648
0.8772062753159473
0.8462059875260116
0.03173881410328498
0.6425185495557832
1.000382673782674
1.0587783560516038
1.0595970920060205
0.9147085076250933
0.6842777221685281
0.8563677563355602
0.9174133866326835
0.9630363231445395
0.8536995717368815
0.43398582616643305
0.08173059570655959
0.37321270108353954
0.5397243519100369
0.3249445087472955
1.1665710971897174
0.8768908955967185
0.4573096694929184
0.7528253866443808
0.6051980735646024
1.0401921368751341
0.4386538734048832
1.0918428237722717
1.1002349660298496
0.5922490523743714
1.1427996217340077
1.012053930587049
0.7373063050119358
0.70171579005706
0.5556844537821108
0.6460536030290809
0.7161509622981039
0.5614515922697941
0.5241792586993782
0.4999828667422981
0.5422740074679151
0.6646637337126906
0.8953188760188958
0.7188730933135845
0.9098500846271562
0.8780934663090749
0.9112000694013814
1.043440476847374
0.5628508248579672
0.6932979173377178
0.9633353627982889
0.3510918163752571
0.5829450810555822
0.5333065406378316
0.560688722838936
0.6839343444811832
0.6617113349023468
0.6733509965620073
0.4316120601184975
0.9851880481254316
0.9191036316804956
1.1782608109810628
0.9678144371300426
0.5473991317038567
1.0932180254841186
0.7729176887809217
0.6992016976231314
0.8759007007684414
0.6174302539293103
0.22247593063520835
0.12603050760160048
0.15676576326355057
0.5741349711049396
0.955529313306893
0.8315004709829908
0.6889272785347177
1.0185235862998174
0.9046092052113708
0.8648721145034592
0.4458792155770714
0.42829242050062627
0.5506691955791686
0.6203144380280361
0.9945853508380111
0.8537551852929358
1.219207812645422
0.9666294631187694
1.1595983613566383
0.40363210094521695
0.9304439428620357
0.9603412126187024
0.9074534629816593
0.8594423738239314
0.8662839623471763
0.3452664535485751
0.06191532603488059
1.0537382386572072
0.9681333904065492
0.5214985451835286
1.2377802786026117
0.2626643959885783
0.8364324020971576
1.2798324618680386
0.47898791047272854
0.8672035446310528
0.9685747861157742
1.1580189075009502
0.7536920666169353
0.44386446586216105
0.8303466073291726
1.0298634983520152
0.21509778172164923
0.8064800214979128
0.4453213992801462
0.9698818578256337
0.5641393386606101
0.8120229031063714
1.171680212463009
1.0277117764481167
0.5080101012019289
0.9339075065797469
0.030121555226785165
1.0632782289782363
0.9643194917881699
1.1441755147133355
0.7337387967680167
0.4626538181352341
0.751055042449989
0.9847086439347149
0.9153983111344196
0.42663627594456266
0.8657660560434952
0.940734734482188
0.6570110289189299
1.2317584001038808
0.17573880410823745
0.9368205598556987
0.04838201462424141
0.8336515755879655
0.4310745960891799
1.1807004188249595
0.5824169863182265
0.2893616200677309
0.43736643628872673
0.5734798787208674
0.3778894617186531
0.9299609657961712
0.7494114578965066
0.7029929721398992
0.39841756271722434
1.1970750041919977
0.49823572814792655
0.9453484268076627
1.1358776583605816
0.9413549813770957
0.7763582448354079
0.7114493106480849
0.5080900505816356
0.7213297434756553
1.1051666400773765
0.6617395920437251
0.49713050945613974
0.7892231964255942
0.4805787800412301
0.9516447431874406
1.1138299271689331
0.8090432080718524
0.7263552995714063
0.6206307489541448
0.18549588766040687
0.10386945458933723
0.8278576313334415
0.6392042997583613
0.09507918520494146
0.7885994889946988
0.9008253668900863
0.15422175469405663
0.6160562920761452
1.1816633006831936
1.3430594526271775
0.31978460054651414
0.4862634049845932
0.928905306002307
1.07174704349706
1.077561450339418
0.6812553949129867
0.844466357749368
0.8961723172653416
0.17304451148257363
1.0428048755054897
1.0359356070138768
0.9346361898861949
0.3784818336152039
0.8456515929226794
0.42257290722390883
0.813954920882366
0.6649736169588991
0.5588642541622602
1.1410899251016777
0.5843138723783758
0.9928859816020535
0.7225806044328
0.6611754915683916
1.116535073182401
0.448434498342089
1.1900782928921025
0.7204596514674001
1.1293175278845249
1.1617609358696024
0.8552681540302434
0.7326405165461826
0.9129853250529507
0.9921604007133557
1.0704901711711443
1.0197411910313863
1.0602638604025891
0.2618671651436168
0.6065066806196715
0.9272828647390587
1.0257046030801706
0.9920453632277436
0.7629649511398116
0.866169632496073
0.9937610908373957
0.5683989497265178
1.1528728937869097
0.7350642251792858
0.6210465927874037
0.4711650952087437
0.8669865714747552
0.408933378609015
0.8278318489736646
0.9040556720666816
0.720020646673535
0.806856558136803
0.8044445370935625
1.1770184634436247
0.09657882564169627
0.9790984956101824
0.985555215481564
0.7586623042410339
0.5823358670626974
0.6601901659771505
0.3925563366904814
0.6414767514630935
1.0316289735316644
0.8639642750914949
1.245958300578074
1.01399577732813
0.4382110356132855
0.8144633700423924
1.0801521956978504
0.7157807282556983
0.5039402421103445
0.2932770302860692
1.0568465535756368
0.5375610079999167
0.6843508242886349
0.7646520366323636
0.7331969840823015
0.5925480698651747
1.0441657680911407
0.20148836182237756
0.1514719277025447
0.9133828830704945
0.31211457567315964
0.19970994249051668
0.8367588648033573
0.7198073503255903
0.654684844966243
0.8194467878559342
0.7009058053711319
1.1360233721794304
1.1650443935661645
0.7010218643948346
1.0340391739802666
0.9020716503873963
0.9074087462377547
1.153631789980797
0.9235398803486671
0.3344093176718853
0.9673303889426894
0.5574489110122157
0.3065524967167369
0.39176883759417386
1.1205966382012773
0.6315077089377114
0.7257972569945413
0.7982312729613608
0.48627159875326204
0.5006738534949992
0.8940521361289059
1.0443128849661396
1.1742592779278258
0.5888682933968155
0.6845242717620016
0.9104122121240981
0.8216280319445222
0.5887367045067955
0.8860859606981742
0.1476482249206372
0.5539744346744299
0.1835277059781227
0.523311607336824
0.3608863296960446
1.0361552876402
1.0133624515937047
0.8098302509576435
0.5111271423266249
0.2971856330888446
0.4289885368959143
0.21270609819670214
0.9016042096347258
0.5667522079828289
0.6353738409338702
0.5064906635547184
1.0076970636787441
0.837178566729355
0.46848505014759934
0.8308684313735484
0.5379330602978329
0.45925539749382055
1.024225061734187
0.6877481474058298
1.268338686967658
0.6331269442461204
0.7576930205000018
0.9739026273493424
0.7751369507907547
1.0685457914928662
0.8932865865277322
0.455365667504597
1.1167345827665691
0.4429705910420673
1.2547517952589584
1.013017981235484
0.5155484514191833
1.170315766647263
1.0056174234649853
0.6807325459772504
0.8862445190468873
0.6753613382479827
0.7908613191911857
0.30855648531865165
0.30726376184318727
0.9787643887676554
0.9955304026068036
0.9278281913632294
0.9558248331020185
0.8564215277920302
0.45210163899336914
1.0194075987192457
1.1091184124594868
0.7546407122239295
0.9523644524815901
0.9438714030665558
0.7941249213526912
0.5471369298753501
0.47127996157478996
0.9713899242272463
0.7786302956506547
0.8288806592472083
0.9482738573670844
1.2691284988292932
0.9997956954715516
0.42510047108793747
0.3873638662807245
1.234254005371165
1.1078333025621547
0.915019517831619
0.35660682961279694
0.998976141083436
0.8741846346866683
0.5595829874933169
1.0750938095790403
0.5432757347079197
0.8617294542108631
0.6785165582114986
0.9857918670990647
0.442379133682775
1.0026839625671982
1.2198410213393003
0.24854196707324339
1.287471791314751
0.6879190353736457
0.9938020981529214
0.5280979215085599
0.7480954415200871
0.8601322707373841
0.6567289203883581
0.8197045369080851
0.7460333705403129
0.9569004430534563
0.9064813289450095
0.5153756212110229
0.3796782904675283
1.142120412129352
0.9508276943838939
1.2796706113153988
1.0049253058841783
1.0025135452069018
0.9100299770472089
1.1340610877240904
0.4575992432473351
0.976555817054809
0.400844247217511
0.6358611701922366
1.1612767075936947
1.061909590446375
0.08433936931181686
1.235232581026806
0.22676880023415413
0.6258669641080737
0.308501186382802
0.9403641271226088
0.8050919916709129
1.0711934757619819
0.34683888851458894
0.5542023025882572
0.8903629946434379
0.766270252008542
1.1857777280520183
0.6053693132765388
0.7389617248660899
0.49354932450756556
0.9722848846910539
0.6372376101039219
1.267740007202917
0.7542052717956799
1.0484514573066592
0.8819278621496176
0.7653872246807564
0.45654124942083557
0.9966782372385914
0.6164027171186197
0.7652711946810685
0.15887540742744083
0.6488452982652669
1.1875454860278667
0.6928779657021311
0.7603610512789355
1.1764118281192677
0.9733772133202938
0.28762227308476074
1.1136856085741935
0.5956010545863871
1.0930304858518751
1.1454477649074877
0.4603253266639342
1.1773072164403715
0.5066949675744421
0.583694332827415
0.7355604699271594
0.21669901053699517
0.7136648494950268
0.042335236252012846
0.7470059549997569
1.0385837911208955
0.8344515159315871
1.0309418871496592
0.7670540741243123
0.7196439051534037
0.7094489592096828
0.4750855953071841
0.9013145576221706
0.6071960124066011
0.7717884824599921
0.7910293577159435
0.4378146095934465
0.41532350449708627
0.30186599060068936
0.7117428898164075
1.0289223306099233
1.257270295905865
0.6635402321843527
0.9694042383759062
1.1004655424132854
0.5657505493070508
1.2872228858815478
0.5386357493645773
0.9044295211375244
1.1461690831839468
1.0161700457186638
0.6108061773624093
0.567495759856035
0.38610821023258135
1.0143111271599137
0.8484272827686549
0.26503545836395503
0.38331830939182526
0.9235847398856217
0.3351285749818798
0.7484342767937527
0.7657304946256521
1.023682272685351
0.6097678761129879
0.8328534408293291
0.9189347349224876
0.5188573642562343
0.7713134553849458
0.6377512788602316
0.991304995791795
0.3904606437141226
0.7619748708486035
0.6682015784564886
0.9914796485188857
0.23582449173102385
0.6290936755526602
0.6991635356077073
0.8316808820242798
0.9051086965352624
0.9483917756904074
1.1255991642985428
0.8335192135336462
0.9521186753401625
0.5943488894937539
0.5215473553579084
1.187533982612977
0.8844326636366121
0.9038479077646999
0.412166580603877
1.249874935190801
0.9823155122553731
0.987543333015374
0.8192686762933731
0.3497034621406281
0.48232745851605807
0.12253578603623932
0.9544200841973096
1.0847773471710638
0.7413360066389852
0.41480126350256646
1.2159985117764376
0.9078771545604746
0.9805872864273015
1.076234895459103
0.827119732529853
1.0300840263283766
0.41565608420536226
0.8939490297761852
0.9474529546101059
0.6499252395875339
0.508342292934435
0.7499348947890353
0.5432069802038265
0.3225433889481973
0.5366818886735888
0.9318548880310281
0.7044515739103715
0.6388673621858002
0.8815475859029773
1.0016935561405007
0.5826370013922795
0.8846582129236745
0.6850744065684478
1.125013683229042
1.013648531608589
1.2303019804639201
0.5989522260317629
0.27906792682153764
1.0062147402595334
0.6239007836832116
0.34529107503870987
1.220530543689457
0.758737468074602
0.8612466162205488
0.6872433226541402
0.4112955563770041
0.20023685994914747
0.7781113525477676
0.5666330738159776
0.985748480430987
0.6865730219701877
0.8097680675296663
1.0258710179594697
1.028844887268327
0.9735322172248619
0.22859490712780536
